1009,测试地图,2018-0-6,4650,2460,30,30,155,82,0,1009,background /,0,0,0,0,0
4294967295,4294967295,4294967295,4294967295,4294967295,4294967295,4294967295,4294967295,4294967295,4294967295,4294967295,134217727,4294967292,4294967295,4294967295,4294967295,3221241855,4294967295,4294967295,4294967295,4294967295,4160749569,4294967295,4294967295,4294967295,8388607,4286578688,4294967295,4294967295,4294967295,131071,4294443008,4294967295,4294967295,4294967295,4095,4294934528,4294967295,4294967295,4294967295,127,4294966272,4294967295,4294967295,4294967295,3,4294967264,4294967295,4294967295,536870911,0,4294967294,4294967295,4294967295,8388607,4026531840,4294967295,4294967295,4294967295,262143,4286578688,4294967295,4294967295,4294967295,8191,4292870144,4294967295,4294967295,4294967295,255,4293918720,4294967295,4294967295,4294967295,7,4293918720,4294967295,4294967295,536870911,0,4294705152,4294967295,4294967295,16777215,0,4294901760,4294967295,4294967295,262143,0,4294950912,4294961151,4294967295,8191,0,4294959104,4294965279,4294967295,127,0,2147467264,4294966272,4294967295,1,0,16769024,536870656,67092480,0,0,261888,1048544,261120,3221225472,15,3640,16382,25167744,4286578688,3221225535,3758096384,255,917504,4294836224,100663311,4261412864,7,31744,4294963200,3670017,535822336,0,2032,4294967168,49153,8355840,3758096384,63,4294967292,1536,260096,4290772992,3758096387,2147483647,48,8128,1073676288,4278190080,4294967295,0,254,33553920,4294443008,268435455,3758096384,7,2097144,4294934528,16777215,1056964608,3221225472,939655167,4294966272,524287,33030144,4261412864,132128767,4294967232,32767,1015808,4292870144,33489151,4294967294,1023,31744,4294836224,3760192527,4294967295,31,992,2147479552,4278321120,4294967295,1,15,67108736,4293926911,268435455,4160749568,0,4229955580,4294902271,16777215,534773760,4026531840,4292902911,4294963231,524287,33488896,4290772992,4294902783,4294967040,32767,2095104,4294836224,268433439,4294967280,1023,262112,4294965248,16777152,4294967295,63,16383,134217664,4161798142,4294967295,4227858433,4278191103,4030726143,251723775,536870911,4293918720,4294901887,4286709759,2147487743,33554431,4294950912,4294966791,4294709247,4026531967,1048575,2147483392,4294967294,4294959231,4278190087,131071,4294967292,4294967295,2147483393,4293918720,4261445631,4294967295,268435455,67108860,4294901760,4294905855,4294967295,3229614079,1048575,4294963200,4294967295,4294967295,4227989503,32767,4294967040,4294967295,4294967295,4290777087,1023,4294967280,4294967295,4294967295,4294836351,2147483663,4294967295,4294967295,1073741823,2147475456,4227858432,4294967295,4294967295,2097151,67108352,4292870144,4294967295,4294967295,8191,2097120,4294901760,4294967295,4294967295,63,65535,4294963200,4294967295,4294967295,4026531841,2047,4294967168,4294967295,268435455,4278190080,63,4294967292,4294967295,8388607,4294443008,3758096385,4294967295,4294967295,262143,268402688,4278190080,4294967295,4294967295,8191,16775168,4294443008,4294967295,4294967295,255,1048512,4294959104,4294967295,4294967295,7,65534,4294967040,4294967295,1073741823,4026531840,4095,4294967288,4294967295,33554431,4286578688,3758096895,4294967295,4294967295,1048575,4294836224,4278190207,4294967295,4294967295,32767,4294963200,4294705167,4294967295,4294967295,1023,4294967168,4294963200,4294967295,4294967295,63,134217726,4294967264,4294967295,4294967295,4026531841,2155872255,4294967295,4294967295,536870911,4290772992,4286840831,4294967295,4294967295,33554431,4294934528,4294950911,4294967295,4294967295,1048575,4294966784,4294967295,4294967295,4294967295,3221291007,4294967295,4294967295,4294967295,4294967295,4286582783,4294967295,4294967295,4294967295,4294967295,4294902271,4294967295,4294967295,4294967295,4294967295,4294967039,4294967295,4294967295,4294967295,4294967295,4294967295,4294967295,4294967295,4294967295,4294967295,4294967295,4294967295,4294967295,63

32,27,0








