3001,斗剑台,2018-0-4,1200,1200,30,30,40,40,1,3001,background /,0,0,0,0,1
4294967295,4294967295,4294967295,4294967271,4294443071,3758100479,262143,33554368,4294901760,4261412864,127,16382,2096128,536346624,4160749568,15,4080,1044480,132120576,3758096384,7,2016,516096,130023424,3221225472,3,1984,507904,132120576,3758096384,7,4064,1040384,266338304,4026531840,31,8184,4192256,2147221504,4261412864,255,131071,67108736,4294950912,4293918735,4227874815,4026531839,4294967295,4294967295,4294967295

32,27,0








