5002,家族boss,2018-0-6,1290,1290,30,30,43,43,1,5002,background /,0,0,0,0,1
4294967295,4294967295,4294967295,4227860479,1048575,1073741792,4294836224,4026532095,262143,268435328,4290772992,63,65534,67104768,4286578688,15,16380,16769024,4278190080,1,2040,2080768,4261412864,0,1008,2064384,2080374784,0,992,2031616,4160749568,0,1984,4063232,4026531840,1,3968,8126464,3758096384,3,7936,16252928,3221225472,7,15872,32505856,2147483648,7,261120,1073479680,4026531840,511,1048448,2147221504,4294967295,4294967295,4294967295,33554431

32,27,0








