5003,家族爬塔,2018-0-6,1680,1290,30,30,56,43,1,5003,background /,0,0,0,0,1
4294967295,4294967295,4294967295,16777215,0,32764,4227858432,127,2147221504,0,8387584,0,32760,4160749568,127,2146959360,0,522240,0,1984,3221225472,7,130023424,0,507904,0,1984,3221225472,7,130023424,0,507904,0,1984,3221225472,7,130023424,0,507904,0,1984,3221225472,7,130023424,0,507904,0,1984,3221225472,7,130023424,0,507904,0,1984,3221225472,7,130023424,0,507904,0,1984,3221225472,7,130023424,0,507904,0,960,3221225472,4294967283,4294967295,4294967295,4294967295,4294967295,255

32,27,0








