9004,闯关副本,2018-0-2,1710,2190,30,30,57,73,1,9004,background /,0,0,0,0,2
4294967295,4294967295,4294967295,4263510015,4294967295,3221241855,4294967295,4278190207,4294967295,4294443008,33554431,4294959104,262143,4294967168,2047,4294967292,4026531855,536870911,4290772992,4194303,4294836224,32767,4294965248,255,4294967232,1,67108863,4227858432,524287,4292870144,4095,4294934528,31,1073741312,0,8388592,3221225472,65535,4261412864,511,4294443008,3,134201344,0,1048320,0,8184,3758096384,63,2143289344,0,16711680,0,130560,0,1016,3758096384,7,264241152,0,983040,0,15872,0,124,4286578688,0,33552384,0,262140,4261412864,2047,4294901760,15,536870784,2147483648,4194303,4286578688,32767,4294901760,255,4294967040,1,67108863,4261412864,524287,4294836224,4095,4294966272,31,1073741816,4026531840,8388607,4292870144,65535,4294950912,511,4294967040,3,134217726,4160749568,1048575,4293918720,8191,4294950912,63,2147483520,0,16777215,4261412864,131071,4294836224,2047,4294966784,63,4294967294,4261412865,536870911,4294836224,16777215,4294966272,524287,4294967292,4227891199,4294967295,4294836223,4294967295,4294967295,4294967295,4294967295,1

32,27,0








