9005,闯关副本,2018-0-2,1320,1320,30,30,44,44,1,9005,background /,0,0,0,0,2
4294967295,4294967295,4294967295,4294951039,131071,134217724,4294901760,3221225503,32767,33552384,4261412864,31,131008,268173312,2147483648,255,1046528,4278190080,0,2032,8257536,3758096384,7,31744,62914560,0,124,507904,2080374784,0,1984,8126464,3221225472,7,31744,130023424,0,254,1040384,4261412864,0,8160,33423360,3758096384,63,524032,2147221504,3758096384,4095,33554304,4294705152,4026531871,1048575,4294967232,4294901763,4261543935,4294967295,4294967294,4294967295,4294967295,65535

32,27,0








