9006,闯关副本,2018-0-2,1110,1590,30,30,37,53,1,9006,background /,0,0,0,0,2
4294967295,4294967295,16777215,134217472,536854528,4293918720,4227858432,31,1023,16320,522240,16711680,534773760,4227858432,2147483651,63,2032,65280,2088960,33292288,1065353216,4026531840,7,254,4032,130048,4161536,66060288,4261412864,3221225472,127,16376,1048320,33546240,2147221504,4286578688,4026531855,511,16380,524160,16769024,536608768,4286578688,4026531841,63,2047,32736,1047552,67076096,4294443008,4278190080,4026531871,2047,131070,8388544,1073740800,4294950912,4294836255,4294443007,4294967295,4294967295,511

32,27,0








