9007,闯关副本,2018-0-2,2070,1470,30,30,69,49,1,9007,background /,0,0,0,0,2
4294967295,4294967295,4294967295,4294967295,1072697343,4294836224,4261675007,7,2155872254,127,264273856,4080,4161794048,130561,16646144,2064447,260046848,62916576,4026531840,64512,0,2064384,0,66060288,0,2113929216,0,3221225472,15,0,504,0,16128,0,516096,0,16515072,0,528482304,0,4026531840,3,0,126,0,4032,0,129024,0,4128768,0,132120576,0,4227858432,0,2147483648,31,0,1008,0,32256,0,1032192,0,32505856,0,1040187392,0,3221225472,7,0,248,0,7936,0,253952,0,8126464,0,260046848,0,4026531840,1,0,62,0,1984,0,63488,4193280,2031616,134184960,65011712,4293918720,2080374784,4261412864,2147483679,3221225487,1023,4294966768,4294967295,4294967295,4294967295,4294967295,4294967295,2097151

32,27,0








