9008,闯关副本,2018-0-2,1560,1200,30,30,52,40,1,9008,background /,0,0,0,0,2
4294967295,4294967295,4294967295,134217727,4294967288,4227860479,268435455,4294901760,4095,536870896,4278190080,65535,4294963200,15,16777214,4292870144,2047,2147483136,2147483648,524287,4293918720,127,67108352,3221225472,32719,4227858432,7,8355840,0,4080,4261412864,0,1040384,0,510,534773760,0,130560,3758096384,63,66846720,0,32704,4261412864,7,16775168,3221225472,4095,4294836224,1,4194288,4290772992,2047,4294966784,4026531840,2097151,4294959104,4278192127,4294967295,4294967232,4292870143,4294967295,4294967295,4294967295,4294967295

32,27,0








