9009,闯关副本,2018-0-2,1740,1590,30,30,58,53,1,9009,background /,0,0,0,0,2
4294967295,4294967295,4294967295,4294967295,4294966335,2147483647,4294967232,16777215,4294967292,3758161919,4294967295,4261413887,4294967295,4292870159,1073741823,4294836224,8388607,4294950912,32767,4294966272,31,536870880,2147483648,4194303,4261412864,16383,4294443008,511,4294950912,7,536870656,0,8388604,3758096384,131071,4286578688,2047,4294836224,31,2147481600,0,33554400,2147483648,524287,4261412864,8191,4293918720,127,4294934528,255,4294966784,7,268435440,0,4194303,2147483648,65535,4227858432,511,4290772992,7,268369920,0,4192256,0,131040,0,2047,4227858432,63,4293918720,1,134201344,0,4194048,0,65532,4026531840,134218751,4292870144,32505871,2147450880,2080768,33554176,65408,524284,4227862526,4227866623,4294443135,4294443263,4294966847,4294963199,4294967295,4294967295,4294967295,4294967295,3

32,27,0








