9011,闯关副本,2018-0-2,1080,1320,30,30,36,44,1,9011,background /,0,0,0,0,2
4294967295,4294967295,1073741823,4294967294,4294967041,4294950919,4294705215,4286578943,4160751615,2147491839,65535,524272,2096896,33550336,268369920,4292870144,4261412864,4227858439,4026531967,2147484671,16383,262128,4194048,67104768,1073676288,4278190080,3221225475,63,508,8160,130560,1040384,16646144,132120576,2113929216,4026531840,2147483651,127,2044,65504,1048448,33553408,1073733632,4294934528,4294901763,4294705279,4294443007,4294967295,4294967295,65535

32,27,0








